3.42 -0.22 0.82
5.50 1.48 1.33
2.90 -0.36 0.69
3.08 0.57 0.29
3.55 -0.24 0.95
0.24 -1.69 -0.34
1.44 0.02 -0.51
2.05 0.24 -0.19
5.09 2.67 0.46
2.01 0.85 -0.50
1.42 -0.96 0.06
1.40 -3.21 1.05
3.54 0.81 0.47
3.25 0.41 0.49
0.40 -0.54 -0.84
0.72 -0.81 -0.45
3.31 1.07 0.22
-0.37 -1.18 -0.93
2.31 -0.99 0.59
3.32 1.06 0.24
-0.08 -0.78 -0.98
-1.00 -1.55 -1.21
2.25 0.45 -0.17
2.09 1.49 -0.79
2.97 1.84 -0.44
2.14 1.16 -0.58
0.11 -1.03 -0.84
3.07 0.32 0.35
2.72 1.52 -0.38
0.18 -1.09 -0.65
-0.02 1.48 -2.11
2.93 0.23 0.36
0.05 -1.44 -0.66
0.71 -0.66 -0.60
-0.37 0.05 -1.55
4.57 1.65 0.66
0.15 -0.54 -1.00
-1.91 -1.73 -1.66
2.59 0.24 0.12
-0.25 -2.56 -0.23
5.02 0.59 1.47
1.74 -0.23 -0.08
1.51 0.26 -0.52
1.95 1.08 -0.69
2.04 -1.06 0.48
0.36 -0.69 -0.78
1.92 0.21 -0.28
1.14 -0.21 -0.53
-1.01 -0.37 -1.84
0.28 0.29 -1.35
2.80 0.10 0.32
2.52 -0.24 0.36
1.26 0.07 -0.61
4.89 0.08 1.63
2.76 0.34 0.15
0.02 -0.61 -1.05
3.41 -0.15 0.87
1.91 -0.93 0.30
5.30 -1.35 2.60
1.41 -0.40 -0.35
2.89 1.08 -0.07
4.74 1.26 1.00
-0.19 1.33 -2.14
0.90 0.29 -0.95
1.80 -0.49 0.04
2.17 -2.25 1.14
6.77 2.30 1.70
2.54 -0.24 0.37
2.46 1.36 -0.49
0.52 0.31 -1.21
-1.97 -2.51 -1.33
3.38 -0.48 0.93
2.12 -0.85 0.38
2.61 -0.44 0.44
4.21 1.96 0.26
3.35 -1.75 1.62
0.62 0.81 -1.37
4.66 -0.67 1.82
2.88 -0.07 0.43
4.50 -0.26 1.57
2.67 0.66 0.04
3.45 0.04 0.78
3.52 0.52 0.53
-1.62 -1.09 -1.87
1.52 -1.03 0.10
1.52 -0.63 -0.05
3.85 -0.27 1.23
1.13 0.82 -1.04
5.97 0.62 2.11
3.26 0.06 0.65
-1.70 0.31 -2.59
2.12 0.45 -0.24
2.51 1.96 -0.78
2.83 1.26 -0.18
1.69 -0.53 -0.02
3.62 2.27 -0.20
3.79 -1.39 1.69
1.77 -0.63 0.06
2.42 -0.52 0.38
3.09 1.06 0.04
3.57 0.85 0.40
4.43 -0.05 1.36
1.50 -0.42 -0.23
-0.21 0.69 -1.92
3.83 0.58 0.79
1.62 0.65 -0.66
3.05 -0.08 0.57
3.97 0.16 1.03
4.49 0.70 1.10
3.12 -0.04 0.57
0.70 -0.78 -0.58
3.79 -0.52 1.29
1.84 0.92 -0.69
1.07 -0.89 -0.18
3.68 -0.68 1.30
2.15 0.19 -0.09
1.98 0.33 -0.28
1.03 -2.16 0.35
2.14 -1.35 0.66
4.55 0.42 1.27
3.87 0.07 1.00
1.97 -0.60 0.17
2.36 -1.26 0.71
5.30 0.69 1.61
3.17 0.43 0.40
3.25 -0.34 0.88
0.95 -0.97 -0.30
-0.51 -0.08 -1.65
-0.43 0.15 -1.68
4.55 1.01 0.98
0.32 0.83 -1.51
1.12 -0.85 -0.24
0.42 -1.03 -0.59
2.37 0.78 -0.30
2.90 0.35 0.30
3.29 0.24 0.49
1.18 -0.33 -0.42
1.93 1.28 -0.78
0.87 -0.81 -0.34
3.60 0.08 0.89
1.35 0.69 -0.87
1.89 1.37 -0.87
0.84 -0.81 -0.38
1.08 1.91 -1.64
-1.48 -2.03 -1.25
2.64 1.80 -0.58
3.27 0.43 0.49
3.45 0.06 0.71
1.49 -1.03 0.09
5.18 1.02 1.34
5.58 -0.44 2.35
-0.74 -1.30 -1.13
2.74 0.29 0.16
2.46 -0.15 0.31
1.27 -0.03 -0.53
5.13 0.94 1.44
3.05 1.75 -0.36
4.01 1.59 0.37
4.95 0.25 1.63
-0.99 -0.59 -1.70
4.24 1.05 0.78
2.94 0.81 0.04
-1.73 -1.17 -1.89
3.30 0.67 0.33
-2.14 -1.87 -1.76
2.43 1.17 -0.42
1.64 0.33 -0.46
0.34 -0.24 -1.06
1.76 -0.96 0.23
3.22 0.41 0.46
2.70 0.25 0.23
-0.99 -0.86 -1.53
2.76 0.37 0.18
-0.31 -0.14 -1.49
3.62 -0.22 1.00
4.78 0.13 1.59
4.95 1.30 1.10
5.84 0.66 1.95
1.23 -0.24 -0.47
2.98 0.57 0.21
2.17 -0.54 0.24
0.12 -1.33 -0.59
1.20 -0.40 -0.37
0.64 0.52 -1.19
-1.57 -2.22 -1.25
2.00 1.27 -0.73
1.68 -0.40 -0.12
6.19 0.43 2.29
0.57 -0.87 -0.55
4.33 -0.53 1.68
-0.98 -1.32 -1.32
-0.00 0.80 -1.74
4.76 0.26 1.45
4.74 -0.98 2.09
0.13 -0.32 -1.14
2.43 1.37 -0.51
1.70 0.03 -0.33
0.84 -0.50 -0.60
0.22 -0.68 -0.79
3.35 -0.18 0.79
2.92 0.34 0.36
-1.71 -1.10 -1.88
2.08 -0.82 0.35
3.23 -0.06 0.73
3.31 1.33 0.01
4.06 0.57 0.92
0.61 1.63 -1.82
4.28 0.70 0.92
1.65 -0.09 -0.25
3.04 -0.92 1.02
1.78 -0.70 0.10
1.38 -0.53 -0.25
2.02 1.43 -0.78
1.18 0.47 -0.86
0.74 -2.20 0.22
0.44 -1.03 -0.57
2.67 0.04 0.30
3.49 1.32 0.21
1.61 0.03 -0.36
-0.24 -0.51 -1.32
2.65 0.42 0.10
0.66 0.57 -1.24
2.00 1.11 -0.66
4.55 1.47 0.73
4.81 1.90 0.69
3.24 -0.14 0.76
2.28 -0.49 0.31
1.54 -1.73 0.45
2.22 0.35 -0.14
2.23 -1.57 0.85
6.98 1.75 2.11
-1.53 -0.86 -1.86
1.07 -0.84 -0.27
2.43 -0.19 0.28
2.02 -0.46 0.16
1.22 1.46 -1.36
4.80 1.15 1.06
3.28 0.75 0.27
-0.45 -1.36 -0.95
6.38 0.61 2.33
1.64 -0.17 -0.27
1.32 -0.63 -0.20
2.95 -0.38 0.65
2.36 0.84 -0.35
0.00 -1.97 -0.33
1.33 -0.90 -0.12
-1.60 -0.54 -2.13
6.56 1.20 2.14
0.05 0.23 -1.42
1.35 0.40 -0.70
3.97 -0.70 1.51
-0.04 0.05 -1.45
2.76 -0.04 0.34
0.82 -0.10 -0.76
2.75 -0.86 0.75
4.42 0.91 0.94
2.70 1.30 -0.32
0.15 -1.58 -0.52
6.59 2.12 1.69
1.66 0.00 -0.27
3.42 0.61 0.47
5.46 0.42 1.81
-0.96 -0.80 -1.53
1.71 0.96 -0.78
1.70 0.32 -0.42
0.78 -0.76 -0.45
0.14 0.20 -1.35
0.59 0.06 -0.99
0.30 0.89 -1.61
1.89 -1.55 0.59
3.27 0.93 0.25
4.69 0.10 1.52
0.67 -0.99 -0.45
2.00 1.72 -0.96
3.73 2.15 -0.10
0.48 -1.09 -0.50
1.60 -1.26 0.30
2.72 0.23 0.25
2.33 0.18 -0.01
1.62 1.07 -0.91
5.18 1.48 1.13
2.58 0.21 0.18
4.91 1.99 0.72
-2.64 -1.90 -2.06
1.69 -0.07 -0.24
1.28 0.04 -0.55
4.23 0.86 0.83
3.31 0.58 0.41
2.77 -0.34 0.55
3.27 0.06 0.64
3.37 0.67 0.45
-0.66 -1.02 -1.27
2.68 0.47 0.11
0.43 0.68 -1.45
0.50 -0.75 -0.69
-0.41 -0.56 -1.35
0.53 -1.55 -0.26
-0.27 1.04 -2.08
0.08 -1.35 -0.65
0.84 -0.04 -0.79
-0.37 -1.70 -0.77
4.98 -0.02 1.75
2.43 -3.13 1.68
0.18 -0.03 -1.19
3.33 -1.14 1.29
0.28 -1.31 -0.50
3.31 -0.86 1.15
3.49 0.66 0.50
1.94 -2.18 0.96
1.54 -0.15 -0.33
1.22 -0.42 -0.35
5.05 -0.63 2.10
4.97 -0.16 1.79
0.17 -1.56 -0.49
3.39 -0.13 0.80
1.58 0.01 -0.34
4.12 0.02 1.19
5.02 1.34 1.09
1.07 0.12 -0.76
0.96 0.30 -0.93
4.69 -0.46 1.78
2.83 -0.25 0.53
5.00 -0.56 2.06
1.45 -0.62 -0.07
1.89 -1.22 0.45
3.51 -1.28 1.46
1.24 -0.56 -0.33
2.25 -1.08 0.63
4.39 0.16 1.30
5.58 0.19 2.04
-0.08 0.76 -1.78
2.03 -1.30 0.58
2.31 -0.76 0.48
3.83 0.09 0.97
-0.94 -3.08 -0.43
1.47 0.97 -0.87
0.29 1.40 -1.90
4.81 0.06 1.60
1.21 -0.57 -0.34
0.20 1.11 -1.85
4.20 1.05 0.75
1.78 0.03 -0.24
4.07 0.89 0.70
0.75 -1.03 -0.38
5.11 1.21 1.21
0.23 0.15 -1.33
2.53 -0.71 0.53
-0.79 -2.18 -0.76
3.65 -0.26 1.07
1.64 -0.14 -0.23
1.91 0.58 -0.49
-1.30 -0.28 -2.03
5.07 2.70 0.45
0.03 -1.59 -0.58
1.42 -1.39 0.22
1.66 0.63 -0.65
1.96 -0.83 0.28
0.30 -1.39 -0.44
2.35 0.83 -0.26
-0.30 -0.30 -1.39
5.92 1.45 1.60
5.12 2.28 0.72
2.06 -0.73 0.31
5.97 1.39 1.69
2.29 1.25 -0.53
0.56 0.20 -1.12
1.84 0.71 -0.58
4.40 -0.10 1.43
7.84 1.17 2.93
-0.29 -0.08 -1.54
-0.94 0.74 -2.31
0.83 -0.43 -0.61
3.99 -0.22 1.25
0.91 0.26 -0.88
-0.56 -1.09 -1.16
0.74 0.81 -1.31
1.47 1.07 -0.98
5.66 -1.05 2.74
1.07 0.86 -1.11
4.38 -1.35 2.09
3.12 0.05 0.58
4.57 1.40 0.78
6.57 1.42 2.06
3.48 0.91 0.39
3.59 1.86 -0.06
2.29 0.57 -0.21
3.22 -0.90 1.10
0.75 -0.92 -0.43
6.02 0.26 2.34
3.11 -0.94 1.05
1.86 0.81 -0.63
0.04 -0.75 -0.92
0.63 0.34 -1.18
2.30 0.59 -0.18
-0.96 -2.72 -0.54
1.97 0.41 -0.25
-0.03 -0.35 -1.20
2.64 0.51 -0.00
3.46 0.24 0.66
5.84 0.84 1.95
4.21 0.06 1.31
0.79 -2.19 0.21
-0.61 -0.93 -1.25
2.27 0.21 -0.09
0.74 -0.24 -0.78
3.36 0.88 0.27
3.37 -0.21 0.83
4.38 0.25 1.27
5.21 -0.71 2.25
3.46 0.73 0.41
4.55 1.24 0.89
3.49 -1.14 1.38
-0.29 1.25 -2.13
-0.44 0.44 -1.87
2.93 -0.82 0.92
3.84 0.77 0.61
2.41 1.67 -0.72
3.96 0.93 0.67
5.60 0.43 1.95
1.47 -0.34 -0.27
3.32 0.32 0.57
1.01 -0.13 -0.66
3.42 -0.68 1.08
2.38 0.54 -0.13
0.40 -0.47 -0.82
1.20 -1.35 0.07
5.63 1.89 1.25
1.89 -1.22 0.46
1.89 1.29 -0.77
5.37 -0.30 2.16
1.34 -0.16 -0.39
0.59 2.25 -2.09
2.66 0.25 0.22
2.15 0.22 -0.18
1.03 -0.13 -0.64
1.99 -0.32 0.07
1.59 -0.22 -0.28
3.20 0.30 0.49
0.71 0.57 -1.17
0.98 0.99 -1.26
-1.97 -0.14 -2.44
0.62 0.85 -1.37
4.90 1.10 1.17
-0.84 -2.23 -0.76
0.94 0.42 -0.96
1.01 0.45 -0.94
4.28 0.32 1.11
2.22 -0.80 0.39
2.76 -1.70 1.27
3.80 0.62 0.67
1.02 -1.33 -0.06
2.72 1.24 -0.35
0.81 -0.33 -0.69
1.52 0.50 -0.64
3.41 1.72 -0.08
1.73 0.39 -0.43
2.52 0.59 -0.06
-0.12 0.75 -1.78
0.41 -0.80 -0.67
-0.93 0.58 -2.15
1.93 0.69 -0.48
1.03 -0.04 -0.69
4.25 0.82 0.94
1.36 0.49 -0.78
2.09 -0.85 0.35
6.53 0.51 2.45
2.05 -0.07 -0.02
2.74 0.74 0.03
3.69 -0.44 1.20
3.04 1.22 -0.05
-1.45 -2.55 -1.01
0.19 0.34 -1.43
0.67 -0.94 -0.45
2.29 -0.16 0.17
3.96 -0.08 1.14
5.59 0.61 1.86
3.14 -0.57 0.87
0.64 0.47 -1.17
2.79 -0.76 0.80
5.14 -0.99 2.35
3.27 -0.29 0.84
0.69 -0.57 -0.63
-0.17 -1.03 -0.96
4.14 0.09 1.18
0.80 -2.01 0.14
1.55 -0.70 -0.09
3.84 1.08 0.45
4.03 0.03 1.15
1.74 -0.51 -0.05
3.37 0.42 0.54
3.49 -0.20 0.98
-1.15 -1.48 -1.35
1.80 1.14 -0.73
2.45 -0.92 0.61
0.44 -1.06 -0.57
3.23 -0.26 0.87
2.75 -0.68 0.73
0.54 -0.64 -0.74
1.73 -0.78 0.17
1.97 1.21 -0.69
1.66 -1.42 0.43
2.72 0.67 -0.02
-0.03 -0.49 -1.16
0.26 -1.14 -0.62
2.26 0.00 0.07
0.90 0.72 -1.12
6.65 1.37 2.14
2.88 -0.35 0.66
1.39 -0.24 -0.44
3.51 -0.09 0.87
2.84 0.88 -0.01
0.98 -0.56 -0.39
0.11 -0.44 -1.06
7.37 2.66 1.94
4.44 0.76 0.97
-1.57 -0.62 -2.05
1.55 0.58 -0.68
2.86 2.02 -0.54
2.31 -0.04 0.09
0.53 -0.66 -0.71
4.25 1.46 0.55
5.14 -0.27 1.94
-1.01 0.35 -2.18
4.49 0.13 1.32
3.07 -1.14 1.15
1.34 0.43 -0.71
3.82 -1.46 1.81
3.52 1.16 0.31
0.13 -1.61 -0.43
-0.23 -0.34 -1.31
1.07 0.72 -1.03
3.63 -0.18 1.00
3.25 0.98 0.22
-1.57 0.09 -2.38
2.02 -1.08 0.41
1.58 0.94 -0.88
4.09 0.18 1.14
0.46 0.76 -1.44
3.52 -0.38 1.05
1.44 -1.08 0.11
3.76 -0.07 1.00
1.56 0.86 -0.80
4.55 1.06 0.95
2.48 -0.52 0.43
0.90 0.33 -0.97
1.03 -0.02 -0.71
0.95 0.50 -0.99
3.86 0.82 0.64
2.89 0.01 0.42
4.97 0.32 1.63
-2.49 -0.93 -2.43
-0.28 0.16 -1.58
1.31 1.74 -1.45
1.63 0.36 -0.57
1.35 0.41 -0.75
-0.85 -0.62 -1.58
0.58 -0.28 -0.91
0.89 1.13 -1.36
0.83 -0.45 -0.55
1.55 0.13 -0.48
-2.52 -2.65 -1.53
1.66 -0.50 -0.06
1.13 -0.32 -0.47
3.68 0.86 0.49
1.04 0.49 -0.91
4.72 0.44 1.40
2.39 0.16 0.11
3.02 -0.03 0.52
0.49 -0.74 -0.66
3.33 -1.10 1.28
1.37 0.58 -0.78
2.40 -1.70 1.00
5.44 -0.01 2.11
2.53 -1.74 1.06
3.13 0.19 0.48
0.75 -0.15 -0.82
2.98 0.12 0.46
5.15 2.20 0.76
0.52 0.39 -1.27
2.03 0.12 -0.13
0.79 0.98 -1.34
0.49 -0.48 -0.79
0.96 0.40 -0.99
-1.32 -1.55 -1.47
1.18 -0.77 -0.24
1.93 -0.85 0.23
2.69 0.90 -0.15
1.96 -0.45 0.03
1.03 -1.46 -0.00
3.70 -0.12 1.04
1.83 -0.71 0.15
2.90 -0.07 0.53
0.80 0.50 -1.05
-0.47 0.83 -2.05
2.78 1.09 -0.18
5.30 1.79 1.05
3.18 -0.36 0.78
3.76 1.35 0.31
1.98 0.75 -0.48
0.01 0.57 -1.64
4.80 0.93 1.19
3.31 -0.48 0.96
2.27 0.88 -0.37
0.96 -1.43 -0.06
3.72 1.13 0.46
1.08 -0.31 -0.49
0.47 -0.05 -1.03
1.02 0.70 -1.09
2.53 -1.56 1.02
2.43 0.28 0.00
6.64 0.37 2.60
3.83 1.38 0.38
5.30 0.98 1.49
0.18 0.21 -1.36
4.81 -0.88 2.09
2.08 1.17 -0.62
2.28 -0.82 0.47
-0.79 -1.09 -1.23
0.97 -0.87 -0.34
1.39 -0.98 -0.03
0.29 -0.49 -0.90
3.38 1.29 0.07
2.92 0.40 0.29
2.78 1.18 -0.23
3.14 0.65 0.25
2.03 0.01 -0.07
0.76 0.35 -1.04
3.70 0.35 0.79
2.92 0.75 0.09
1.20 0.21 -0.68
0.57 -0.98 -0.54
0.65 0.77 -1.31
0.91 -1.56 -0.02
3.62 0.64 0.63
6.22 2.50 1.30
4.63 -0.46 1.78
2.15 -1.04 0.55
0.73 -0.14 -0.90
3.26 0.80 0.26
1.01 -0.50 -0.44
3.64 0.96 0.44
2.37 -0.88 0.54
1.77 0.28 -0.43
1.34 0.15 -0.59
0.21 -1.33 -0.57
2.77 0.54 0.12
2.87 -0.74 0.87
2.76 -0.27 0.47
3.39 -0.85 1.21
0.28 -0.05 -1.08
-0.91 -3.94 0.04
2.16 -0.45 0.25
3.10 0.68 0.28
1.17 0.54 -0.94
0.19 -0.66 -0.95
1.90 -0.81 0.18
1.66 0.51 -0.58
4.87 -0.91 2.11
2.00 -0.15 0.00
3.65 0.33 0.70
1.68 -0.40 -0.08
2.06 0.40 -0.28
2.51 -1.02 0.76
2.49 -0.30 0.33
0.80 -1.05 -0.30
0.54 -1.00 -0.57
2.73 0.88 -0.08
2.60 -0.46 0.47
3.66 1.19 0.30
2.43 -0.09 0.24
1.67 1.65 -1.14
2.71 -0.43 0.58
3.33 0.28 0.62
2.34 -0.09 0.14
2.69 -0.32 0.46
1.86 -0.71 0.13
2.93 0.59 0.12
1.31 -0.98 -0.07
1.87 -0.16 -0.05
3.59 0.04 0.85
-0.94 -2.08 -0.91
1.10 -1.27 -0.04
0.10 -1.29 -0.59
3.15 0.11 0.55
-0.66 0.35 -1.93
3.47 1.50 0.05
2.55 -0.79 0.61
3.06 0.25 0.41
3.09 0.06 0.54
3.21 -1.25 1.26
0.98 -1.51 -0.01
1.28 0.67 -0.92
5.80 0.16 2.14
1.37 -0.56 -0.20
1.32 -0.96 -0.05
0.59 -4.05 1.09
3.77 1.77 0.11
5.76 0.11 2.21
4.77 2.23 0.52
6.45 1.45 1.98
0.45 -0.83 -0.62
0.78 -1.19 -0.29
4.05 0.47 0.92
-1.12 -0.33 -1.87
3.55 0.88 0.40
1.87 0.34 -0.41
-1.79 -1.48 -1.70
-0.10 -0.41 -1.19
-0.46 -0.22 -1.55
2.66 -0.16 0.34
1.57 0.26 -0.46
4.32 0.82 0.94
1.17 -1.23 -0.02
2.85 1.07 -0.07
1.47 -1.16 0.20
1.25 1.83 -1.48
2.86 1.49 -0.30
1.76 -0.38 -0.04
2.98 0.47 0.22
3.93 0.88 0.60
4.10 0.15 1.09
-0.04 -2.43 -0.16
1.09 -0.68 -0.34
3.51 -0.49 1.05
2.68 0.56 0.02
1.41 0.30 -0.59
1.13 -0.02 -0.59
1.96 -0.32 0.05
0.48 1.45 -1.80
0.08 -1.07 -0.76
3.62 -0.48 1.16
1.82 0.85 -0.63
0.64 -0.39 -0.82
0.90 0.07 -0.82
2.92 1.48 -0.23
2.50 1.38 -0.50
0.36 -0.26 -0.95
0.28 -2.66 0.14
6.74 0.83 2.35
-0.59 0.53 -1.94
0.68 0.00 -0.97
2.58 0.53 -0.00
4.48 1.43 0.74
1.93 -0.91 0.30
2.19 -0.40 0.22
3.51 -2.40 2.00
6.41 0.88 2.19
1.68 -0.18 -0.23
4.08 -0.12 1.24
1.15 -0.35 -0.43
2.52 -0.43 0.42
3.59 1.50 0.15
3.30 0.22 0.61
1.79 -1.14 0.29
3.83 -0.06 1.09
2.04 -1.25 0.52
1.89 -1.03 0.36
1.43 -0.62 -0.17
3.66 -0.59 1.23
1.59 0.51 -0.59
5.31 0.51 1.73
2.08 0.28 -0.18
-0.59 -0.21 -1.59
3.55 1.05 0.32
1.68 -1.18 0.24
3.71 1.66 0.15
4.30 1.36 0.63
0.67 -0.80 -0.58
3.74 0.64 0.66
2.98 0.69 0.16
0.00 -0.61 -1.10
2.66 -0.94 0.84
3.18 -0.60 0.95
2.07 -1.02 0.44
1.21 -1.00 -0.16
2.68 0.91 -0.10
6.34 0.25 2.45
-1.71 -0.46 -2.16
0.76 0.39 -1.04
-0.43 -2.60 -0.35
1.48 0.67 -0.78
0.14 -0.39 -1.00
0.18 -0.32 -1.13
0.64 -0.16 -0.90
1.08 -1.42 0.08
2.38 0.44 -0.07
2.89 -0.03 0.46
5.59 0.82 1.73
-0.67 -2.15 -0.67
0.68 -0.39 -0.76
1.22 0.62 -0.98
-0.17 1.85 -2.41
1.72 0.41 -0.50
3.99 2.69 -0.21
4.34 0.67 1.05
1.40 -0.84 -0.05
6.71 1.72 1.91
5.26 -0.08 1.95
0.10 -1.00 -0.78
1.27 -1.32 0.09
3.77 -0.41 1.19
2.37 -0.31 0.33
0.47 -0.10 -0.99
4.36 0.29 1.21
1.84 -1.78 0.71
-0.37 -0.60 -1.30
2.53 -0.48 0.44
-0.62 -0.49 -1.53
2.03 -0.05 -0.00
3.16 0.55 0.26
1.51 0.97 -0.87
5.29 -0.14 1.92
3.60 0.20 0.77
3.74 1.19 0.42
2.56 1.34 -0.45
2.12 -0.39 0.20
4.33 -0.21 1.45
0.79 -1.04 -0.32
-1.31 0.31 -2.36
2.95 0.87 0.03
1.57 0.50 -0.62
3.14 0.68 0.23
4.58 1.51 0.74
3.48 -0.11 0.87
1.48 -0.13 -0.46
0.17 -1.21 -0.62
4.41 -1.74 2.22
3.75 2.44 -0.29
2.55 1.56 -0.56
1.12 -0.57 -0.46
1.45 0.27 -0.54
4.55 0.55 1.17
2.19 -0.73 0.34
1.66 -0.03 -0.23
1.75 0.70 -0.57
2.71 -0.54 0.63
3.42 0.55 0.51
1.84 0.53 -0.41
1.91 -0.63 0.18
-2.26 -1.52 -2.01
-0.00 -0.13 -1.29
3.00 -0.03 0.54
-0.22 -2.36 -0.35
-0.79 -0.78 -1.49
3.80 0.27 0.89
-0.24 -1.11 -0.98
1.52 -0.43 -0.21
2.78 1.08 -0.12
6.43 0.88 2.21
0.24 -0.29 -1.07
1.44 -0.45 -0.25
3.77 0.62 0.70
2.40 0.08 0.14
2.77 -0.98 0.88
2.59 -0.53 0.53
0.65 -0.90 -0.47
0.15 -0.38 -1.10
0.33 -1.06 -0.62
1.25 -1.18 0.01
2.63 0.28 0.22
1.58 -0.51 -0.09
1.94 0.11 -0.18
1.54 -1.13 0.20
0.99 0.79 -1.06
3.65 1.44 0.18
1.38 -0.52 -0.20
1.75 0.22 -0.36
-0.46 0.33 -1.82
3.12 -0.08 0.61
1.53 -1.49 0.33
-1.14 -1.39 -1.38
-1.11 -1.79 -1.13
-0.83 -1.94 -0.90
2.74 -1.62 1.14
5.97 0.41 2.14
3.38 -0.65 1.10
0.63 0.03 -0.91
0.02 -1.04 -0.88
4.83 -0.42 1.85
0.37 -0.31 -0.98
2.45 -0.96 0.62
1.79 -0.74 0.11
2.77 1.03 -0.16
1.52 1.66 -1.25
2.49 0.53 -0.08
1.58 0.72 -0.74
3.37 0.79 0.32
3.67 -0.13 1.04
-0.01 -1.07 -0.82
5.03 -0.59 2.14
3.02 -0.53 0.76
1.63 -0.63 -0.05
3.08 -0.86 1.01
2.10 0.76 -0.34
3.96 -0.64 1.44
0.46 -1.56 -0.31
1.59 -0.84 0.03
-0.04 -0.41 -1.17
4.51 -0.04 1.53
1.67 -0.94 0.16
-0.34 0.52 -1.89
2.91 -0.94 0.93
1.81 -0.34 -0.06
0.21 -0.31 -1.14
2.93 1.78 -0.48
2.99 1.87 -0.40
2.63 1.42 -0.43
5.80 -1.00 2.74
1.04 0.41 -0.95
1.13 0.33 -0.75
2.70 -0.00 0.33
2.06 0.34 -0.21
2.21 -1.68 0.84
2.52 1.28 -0.39
2.20 -0.41 0.23
3.59 0.18 0.76
3.69 0.77 0.59
0.42 0.26 -1.17
0.75 -1.20 -0.34
0.87 -0.59 -0.50
2.96 0.79 0.11
3.15 3.03 -0.89
-0.78 -1.15 -1.22
1.97 -0.02 -0.12
1.46 -1.12 0.13
2.34 -0.58 0.39
0.27 -0.77 -0.80
-0.33 -0.83 -1.16
2.54 1.63 -0.51
1.86 -1.28 0.40
3.12 -1.13 1.11
5.71 0.72 1.85
0.38 0.47 -1.35
3.82 0.66 0.71
2.20 -1.50 0.80
1.12 -0.33 -0.54
2.91 1.44 -0.25
-0.53 -0.86 -1.18
2.08 -1.92 0.84
1.02 -1.07 -0.17
0.92 0.35 -0.99
-0.56 -1.03 -1.16
0.35 0.20 -1.23
0.48 -1.22 -0.44
1.33 0.11 -0.64
2.41 -0.08 0.17
0.42 0.03 -1.15
2.23 -0.31 0.19
4.69 -0.46 1.84
0.87 -1.39 -0.13
4.83 1.26 1.11
2.47 0.52 -0.09
3.61 0.51 0.63
1.13 -0.32 -0.53
3.50 1.49 0.10
4.90 0.33 1.50
-0.77 -0.50 -1.53
0.08 0.20 -1.39
1.08 -0.40 -0.45
0.37 -1.55 -0.33
0.40 -0.20 -1.00
1.14 -1.13 -0.09
-1.50 -1.54 -1.45
4.10 1.74 0.33
2.39 -1.46 0.91
4.51 1.32 0.79
1.84 0.01 -0.17
4.54 1.44 0.75
2.73 -0.65 0.63
0.19 -0.05 -1.23
3.56 -0.23 0.94
2.97 1.06 -0.05
-0.88 -0.97 -1.43
1.01 0.45 -0.98
2.12 0.69 -0.36
-0.53 -0.20 -1.58
2.41 -1.04 0.67
-2.00 -1.56 -1.82
3.30 1.92 -0.25
0.56 0.18 -1.12
2.80 1.60 -0.45
1.94 2.09 -1.21
1.75 -0.45 -0.06
1.67 -0.43 -0.11
2.44 -1.34 0.85
2.06 -0.49 0.19
0.53 0.06 -1.07
0.49 1.00 -1.54
2.19 -0.26 0.16
3.77 0.32 0.81
0.71 -0.39 -0.77
0.61 0.26 -1.06
2.75 0.64 0.06
1.30 -1.39 0.16
4.52 2.68 0.17
0.51 -1.29 -0.37
3.30 -1.89 1.66
2.50 -1.23 0.82
2.87 -0.18 0.56
0.21 -0.28 -1.07
